(kicad_pcb (version 20171130) (host pcbnew "(5.1.10)-1")

  (general
    (thickness 0.8)
    (drawings 26)
    (tracks 129)
    (zones 0)
    (modules 23)
    (nets 21)
  )

  (page A4)
  (layers
    (0 F.Cu signal)
    (31 B.Cu signal)
    (32 B.Adhes user)
    (33 F.Adhes user)
    (34 B.Paste user)
    (35 F.Paste user)
    (36 B.SilkS user)
    (37 F.SilkS user hide)
    (38 B.Mask user hide)
    (39 F.Mask user hide)
    (40 Dwgs.User user)
    (41 Cmts.User user)
    (42 Eco1.User user hide)
    (43 Eco2.User user)
    (44 Edge.Cuts user)
    (45 Margin user)
    (46 B.CrtYd user)
    (47 F.CrtYd user)
    (48 B.Fab user)
    (49 F.Fab user hide)
  )

  (setup
    (last_trace_width 0.4)
    (user_trace_width 0.2)
    (user_trace_width 0.4)
    (trace_clearance 0.2)
    (zone_clearance 0.508)
    (zone_45_only no)
    (trace_min 0.2)
    (via_size 0.8)
    (via_drill 0.4)
    (via_min_size 0.4)
    (via_min_drill 0.3)
    (uvia_size 0.3)
    (uvia_drill 0.1)
    (uvias_allowed no)
    (uvia_min_size 0.2)
    (uvia_min_drill 0.1)
    (edge_width 0.05)
    (segment_width 0.2)
    (pcb_text_width 0.3)
    (pcb_text_size 1.5 1.5)
    (mod_edge_width 0.12)
    (mod_text_size 1 1)
    (mod_text_width 0.15)
    (pad_size 1.524 1.524)
    (pad_drill 0.762)
    (pad_to_mask_clearance 0)
    (aux_axis_origin 0 0)
    (visible_elements 7FFFFFFF)
    (pcbplotparams
      (layerselection 0x010fc_ffffffff)
      (usegerberextensions false)
      (usegerberattributes true)
      (usegerberadvancedattributes true)
      (creategerberjobfile true)
      (excludeedgelayer true)
      (linewidth 0.100000)
      (plotframeref false)
      (viasonmask false)
      (mode 1)
      (useauxorigin false)
      (hpglpennumber 1)
      (hpglpenspeed 20)
      (hpglpendiameter 15.000000)
      (psnegative false)
      (psa4output false)
      (plotreference true)
      (plotvalue true)
      (plotinvisibletext false)
      (padsonsilk false)
      (subtractmaskfromsilk false)
      (outputformat 1)
      (mirror false)
      (drillshape 0)
      (scaleselection 1)
      (outputdirectory "C:/Users/Josh/Documents/ExpansionCards-main/Design Files/USB-C to Opto isolated USB-A/SMT Assembly Files/"))
  )

  (net 0 "")
  (net 1 VCC)
  (net 2 GND)
  (net 3 "Net-(C5-Pad1)")
  (net 4 GNDD)
  (net 5 VCCQ)
  (net 6 "Net-(C8-Pad1)")
  (net 7 "Net-(IC1-Pad3)")
  (net 8 "Net-(IC1-Pad4)")
  (net 9 "Net-(IC1-Pad5)")
  (net 10 "Net-(IC1-Pad11)")
  (net 11 "Net-(IC1-Pad12)")
  (net 12 "Net-(IC1-Pad14)")
  (net 13 "Net-(P1-PadB5)")
  (net 14 "Net-(P1-PadA5)")
  (net 15 D+)
  (net 16 D-)
  (net 17 DD-)
  (net 18 DD+)
  (net 19 /DDN)
  (net 20 /DDP)

  (net_class Default "This is the default net class."
    (clearance 0.2)
    (trace_width 0.25)
    (via_dia 0.8)
    (via_drill 0.4)
    (uvia_dia 0.3)
    (uvia_drill 0.1)
    (add_net /DDN)
    (add_net /DDP)
    (add_net D+)
    (add_net D-)
    (add_net DD+)
    (add_net DD-)
    (add_net GND)
    (add_net GNDD)
    (add_net "Net-(C5-Pad1)")
    (add_net "Net-(C8-Pad1)")
    (add_net "Net-(IC1-Pad11)")
    (add_net "Net-(IC1-Pad12)")
    (add_net "Net-(IC1-Pad14)")
    (add_net "Net-(IC1-Pad3)")
    (add_net "Net-(IC1-Pad4)")
    (add_net "Net-(IC1-Pad5)")
    (add_net "Net-(P1-PadA5)")
    (add_net "Net-(P1-PadB5)")
    (add_net VCC)
    (add_net VCCQ)
  )

  (module TestPoint:TestPoint_Pad_1.5x1.5mm (layer F.Cu) (tedit 5A0F774F) (tstamp 6291F5AF)
    (at 158.4 73.39)
    (descr "SMD rectangular pad as test Point, square 1.5mm side length")
    (tags "test point SMD pad rectangle square")
    (path /60A9B29C)
    (attr virtual)
    (fp_text reference TP3 (at 0 -1.648) (layer F.SilkS) hide
      (effects (font (size 1 1) (thickness 0.15)))
    )
    (fp_text value TestPoint (at 0 -2.778) (layer F.Fab)
      (effects (font (size 0.5 0.5) (thickness 0.075)))
    )
    (fp_line (start -0.95 -0.95) (end 0.95 -0.95) (layer F.SilkS) (width 0.12))
    (fp_line (start 0.95 -0.95) (end 0.95 0.95) (layer F.SilkS) (width 0.12))
    (fp_line (start 0.95 0.95) (end -0.95 0.95) (layer F.SilkS) (width 0.12))
    (fp_line (start -0.95 0.95) (end -0.95 -0.95) (layer F.SilkS) (width 0.12))
    (fp_line (start -1.25 -1.25) (end 1.25 -1.25) (layer F.CrtYd) (width 0.05))
    (fp_line (start -1.25 -1.25) (end -1.25 1.25) (layer F.CrtYd) (width 0.05))
    (fp_line (start 1.25 1.25) (end 1.25 -1.25) (layer F.CrtYd) (width 0.05))
    (fp_line (start 1.25 1.25) (end -1.25 1.25) (layer F.CrtYd) (width 0.05))
    (fp_text user %R (at 0 0.016) (layer F.Fab)
      (effects (font (size 0.5 0.5) (thickness 0.075)))
    )
    (pad 1 smd rect (at 0 0) (size 1.5 1.5) (layers F.Cu F.Mask))
  )

  (module TestPoint:TestPoint_Pad_1.5x1.5mm (layer F.Cu) (tedit 5A0F774F) (tstamp 6291F5A2)
    (at 147 73.39)
    (descr "SMD rectangular pad as test Point, square 1.5mm side length")
    (tags "test point SMD pad rectangle square")
    (path /60A3AF50)
    (attr virtual)
    (fp_text reference TP1 (at 0 -1.648) (layer F.SilkS) hide
      (effects (font (size 1 1) (thickness 0.15)))
    )
    (fp_text value TestPoint (at 0.066 -2.778) (layer F.Fab)
      (effects (font (size 0.5 0.5) (thickness 0.075)))
    )
    (fp_line (start -0.95 -0.95) (end 0.95 -0.95) (layer F.SilkS) (width 0.12))
    (fp_line (start 0.95 -0.95) (end 0.95 0.95) (layer F.SilkS) (width 0.12))
    (fp_line (start 0.95 0.95) (end -0.95 0.95) (layer F.SilkS) (width 0.12))
    (fp_line (start -0.95 0.95) (end -0.95 -0.95) (layer F.SilkS) (width 0.12))
    (fp_line (start -1.25 -1.25) (end 1.25 -1.25) (layer F.CrtYd) (width 0.05))
    (fp_line (start -1.25 -1.25) (end -1.25 1.25) (layer F.CrtYd) (width 0.05))
    (fp_line (start 1.25 1.25) (end 1.25 -1.25) (layer F.CrtYd) (width 0.05))
    (fp_line (start 1.25 1.25) (end -1.25 1.25) (layer F.CrtYd) (width 0.05))
    (fp_text user %R (at 0.066 0.016) (layer F.Fab)
      (effects (font (size 0.5 0.5) (thickness 0.075)))
    )
    (pad 1 smd rect (at 0 0) (size 1.5 1.5) (layers F.Cu F.Mask))
  )

  (module "SnapEDA Library:MOLEX_48258-0001" (layer F.Cu) (tedit 6291F513) (tstamp 62926449)
    (at 156.2 98.39)
    (path /61CA730F)
    (fp_text reference J1 (at -7.324775 -2.791395) (layer F.SilkS)
      (effects (font (size 1.005016 1.005016) (thickness 0.15)))
    )
    (fp_text value USB_A (at -0.29622 14.23912) (layer F.Fab)
      (effects (font (size 1.006268 1.006268) (thickness 0.15)))
    )
    (fp_line (start -10.05 -1) (end 3.05 -1) (layer F.Fab) (width 0.127))
    (fp_line (start 3.05 -1) (end 3.05 12.35) (layer F.Fab) (width 0.127))
    (fp_line (start 3.05 12.35) (end 3.05 12.56) (layer F.Fab) (width 0.127))
    (fp_line (start -10.05 12.58) (end -10.05 12.56) (layer F.Fab) (width 0.127))
    (fp_line (start -10.05 12.56) (end -10.05 -1) (layer F.Fab) (width 0.127))
    (fp_line (start -9.6 13) (end 2.6 13) (layer F.Fab) (width 0.127))
    (fp_line (start -12.6 -1.25) (end 5.6 -1.25) (layer F.CrtYd) (width 0.05))
    (fp_line (start 3.4 8.4) (end 5.9 8.4) (layer F.CrtYd) (width 0.05))
    (fp_line (start 5.9 8.4) (end 5.9 11.5) (layer F.CrtYd) (width 0.05))
    (fp_line (start 5.9 11.5) (end 3.75 11.5) (layer F.CrtYd) (width 0.05))
    (fp_line (start 3.75 11.5) (end 3.75 13.25) (layer F.CrtYd) (width 0.05))
    (fp_line (start 3.75 13.25) (end -10.75 13.25) (layer F.CrtYd) (width 0.05))
    (fp_line (start -10.75 13.25) (end -10.75 11.5) (layer F.CrtYd) (width 0.05))
    (fp_line (start -10.75 11.5) (end -12.9 11.5) (layer F.CrtYd) (width 0.05))
    (fp_line (start -12.9 11.5) (end -12.9 8.4) (layer F.CrtYd) (width 0.05))
    (fp_line (start -12.9 8.4) (end -10.5 8.4) (layer F.CrtYd) (width 0.05))
    (fp_line (start -10.05 -1) (end 3.05 -1) (layer F.SilkS) (width 0.127))
    (fp_circle (center -0.1 -1.7) (end 0 -1.7) (layer F.SilkS) (width 0.2))
    (fp_line (start -12.6 -1.25) (end -12.6 2.75) (layer F.CrtYd) (width 0.05))
    (fp_line (start -12.6 2.75) (end -10.5 2.75) (layer F.CrtYd) (width 0.05))
    (fp_line (start -10.5 2.75) (end -10.5 8.4) (layer F.CrtYd) (width 0.05))
    (fp_line (start 5.6 -1.25) (end 5.6 2.75) (layer F.CrtYd) (width 0.05))
    (fp_line (start 5.6 2.75) (end 3.5 2.75) (layer F.CrtYd) (width 0.05))
    (fp_line (start 3.5 2.75) (end 3.5 8.401) (layer F.CrtYd) (width 0.05))
    (fp_line (start 3.5 8.401) (end 3.401 8.401) (layer F.CrtYd) (width 0.05))
    (fp_line (start -9.45 2.85) (end 2.45 2.85) (layer Edge.Cuts) (width 0.05))
    (fp_line (start -10.25 2.85) (end -10.25 13) (layer Edge.Cuts) (width 0.05))
    (fp_line (start 3.25 2.85) (end 3.25 13) (layer Edge.Cuts) (width 0.05))
    (fp_line (start 2.6 13) (end 9 13) (layer F.Fab) (width 0.127))
    (fp_line (start -10.05 -1) (end -10.05 1.85) (layer F.SilkS) (width 0.127))
    (fp_line (start 3.05 -1) (end 3.05 1.85) (layer F.SilkS) (width 0.127))
    (fp_arc (start -10.495 12.555) (end -10.5 13) (angle -90) (layer F.Fab) (width 0.127))
    (fp_arc (start 3.49 12.55) (end 3.05 12.55) (angle -90) (layer F.Fab) (width 0.127))
    (fp_arc (start -10.105 12.885) (end -9.6 13) (angle -90) (layer F.Fab) (width 0.127))
    (fp_arc (start 3.15 12.9) (end 3.05 12.35) (angle -90) (layer F.Fab) (width 0.127))
    (fp_arc (start 2.85 2.85) (end 2.85 2.45) (angle -90) (layer Edge.Cuts) (width 0.05))
    (fp_arc (start 2.85 2.85) (end 3.25 2.85) (angle -90) (layer Edge.Cuts) (width 0.05))
    (fp_arc (start -9.85 2.85) (end -9.85 2.45) (angle -90) (layer Edge.Cuts) (width 0.05))
    (fp_arc (start -9.85 2.85) (end -9.45 2.85) (angle -90) (layer Edge.Cuts) (width 0.05))
    (fp_text user "PCB EDGE" (at 3.50286 14.3617) (layer F.Fab)
      (effects (font (size 0.630435 0.630435) (thickness 0.15)))
    )
    (pad 1 thru_hole rect (at 0 0) (size 1.428 1.428) (drill 0.92) (layers *.Cu *.Mask)
      (net 5 VCCQ))
    (pad 2 thru_hole circle (at -2.5 0) (size 1.428 1.428) (drill 0.92) (layers *.Cu *.Mask)
      (net 17 DD-))
    (pad 3 thru_hole circle (at -4.5 0) (size 1.428 1.428) (drill 0.92) (layers *.Cu *.Mask)
      (net 18 DD+))
    (pad 4 thru_hole circle (at -7 0) (size 1.428 1.428) (drill 0.92) (layers *.Cu *.Mask)
      (net 4 GNDD))
    (pad SH1 smd rect (at -11.45 9.95) (size 2.4 2.6) (layers F.Cu F.Paste F.Mask))
    (pad SH2 smd rect (at 4.45 9.95) (size 2.4 2.6) (layers F.Cu F.Paste F.Mask))
    (pad SH3 thru_hole oval (at -11.35 0.85) (size 1.408 2.816) (drill oval 0.9 2.3) (layers *.Cu *.Mask))
    (pad SH4 thru_hole oval (at 4.35 0.85) (size 1.408 2.816) (drill oval 0.9 2.3) (layers *.Cu *.Mask))
  )

  (module MountingHole:MountingHole_2.2mm_M2 (layer F.Cu) (tedit 56D1B4CB) (tstamp 61C7EFDC)
    (at 164 93.39)
    (descr "Mounting Hole 2.2mm, no annular, M2")
    (tags "mounting hole 2.2mm no annular m2")
    (path /5FDB2FCE)
    (attr virtual)
    (fp_text reference H2 (at 0.0125 -1.974) (layer F.SilkS) hide
      (effects (font (size 0.5842 0.5842) (thickness 0.1016)))
    )
    (fp_text value MountingHole (at 0 3.2) (layer F.Fab)
      (effects (font (size 1 1) (thickness 0.15)))
    )
    (fp_circle (center 0 0) (end 2.2 0) (layer Cmts.User) (width 0.15))
    (fp_circle (center 0 0) (end 2.45 0) (layer F.CrtYd) (width 0.05))
    (fp_text user %R (at 0.3 0) (layer F.Fab)
      (effects (font (size 1 1) (thickness 0.15)))
    )
    (pad 1 np_thru_hole circle (at 0 0) (size 2.2 2.2) (drill 2.2) (layers *.Cu *.Mask))
  )

  (module MountingHole:MountingHole_2.2mm_M2 (layer F.Cu) (tedit 56D1B4CB) (tstamp 61C7EFD5)
    (at 141.4 93.39)
    (descr "Mounting Hole 2.2mm, no annular, M2")
    (tags "mounting hole 2.2mm no annular m2")
    (path /5FDB1A76)
    (attr virtual)
    (fp_text reference H1 (at 0.0225 -1.974) (layer F.SilkS) hide
      (effects (font (size 0.5842 0.5842) (thickness 0.1016)))
    )
    (fp_text value MountingHole (at 0 3.2) (layer F.Fab)
      (effects (font (size 1 1) (thickness 0.15)))
    )
    (fp_circle (center 0 0) (end 2.2 0) (layer Cmts.User) (width 0.15))
    (fp_circle (center 0 0) (end 2.45 0) (layer F.CrtYd) (width 0.05))
    (fp_text user %R (at 0.3 0) (layer F.Fab)
      (effects (font (size 1 1) (thickness 0.15)))
    )
    (pad 1 np_thru_hole circle (at 0 0) (size 2.2 2.2) (drill 2.2) (layers *.Cu *.Mask))
  )

  (module Package_SO:SOIC-16W_7.5x10.3mm_P1.27mm (layer F.Cu) (tedit 5D9F72B1) (tstamp 61C7F659)
    (at 157.5 85 270)
    (descr "SOIC, 16 Pin (JEDEC MS-013AA, https://www.analog.com/media/en/package-pcb-resources/package/pkg_pdf/soic_wide-rw/rw_16.pdf), generated with kicad-footprint-generator ipc_gullwing_generator.py")
    (tags "SOIC SO")
    (path /61C6FE2E)
    (attr smd)
    (fp_text reference U1 (at 0 -6.1 90) (layer F.SilkS)
      (effects (font (size 1 1) (thickness 0.15)))
    )
    (fp_text value ADUM4160 (at 0 6.1 90) (layer F.Fab)
      (effects (font (size 1 1) (thickness 0.15)))
    )
    (fp_line (start 0 5.26) (end 3.86 5.26) (layer F.SilkS) (width 0.12))
    (fp_line (start 3.86 5.26) (end 3.86 5.005) (layer F.SilkS) (width 0.12))
    (fp_line (start 0 5.26) (end -3.86 5.26) (layer F.SilkS) (width 0.12))
    (fp_line (start -3.86 5.26) (end -3.86 5.005) (layer F.SilkS) (width 0.12))
    (fp_line (start 0 -5.26) (end 3.86 -5.26) (layer F.SilkS) (width 0.12))
    (fp_line (start 3.86 -5.26) (end 3.86 -5.005) (layer F.SilkS) (width 0.12))
    (fp_line (start 0 -5.26) (end -3.86 -5.26) (layer F.SilkS) (width 0.12))
    (fp_line (start -3.86 -5.26) (end -3.86 -5.005) (layer F.SilkS) (width 0.12))
    (fp_line (start -3.86 -5.005) (end -5.675 -5.005) (layer F.SilkS) (width 0.12))
    (fp_line (start -2.75 -5.15) (end 3.75 -5.15) (layer F.Fab) (width 0.1))
    (fp_line (start 3.75 -5.15) (end 3.75 5.15) (layer F.Fab) (width 0.1))
    (fp_line (start 3.75 5.15) (end -3.75 5.15) (layer F.Fab) (width 0.1))
    (fp_line (start -3.75 5.15) (end -3.75 -4.15) (layer F.Fab) (width 0.1))
    (fp_line (start -3.75 -4.15) (end -2.75 -5.15) (layer F.Fab) (width 0.1))
    (fp_line (start -5.93 -5.4) (end -5.93 5.4) (layer F.CrtYd) (width 0.05))
    (fp_line (start -5.93 5.4) (end 5.93 5.4) (layer F.CrtYd) (width 0.05))
    (fp_line (start 5.93 5.4) (end 5.93 -5.4) (layer F.CrtYd) (width 0.05))
    (fp_line (start 5.93 -5.4) (end -5.93 -5.4) (layer F.CrtYd) (width 0.05))
    (fp_text user %R (at 0 0 90) (layer F.Fab)
      (effects (font (size 1 1) (thickness 0.15)))
    )
    (pad 1 smd roundrect (at -4.65 -4.445 270) (size 2.05 0.6) (layers F.Cu F.Paste F.Mask) (roundrect_rratio 0.25)
      (net 1 VCC))
    (pad 2 smd roundrect (at -4.65 -3.175 270) (size 2.05 0.6) (layers F.Cu F.Paste F.Mask) (roundrect_rratio 0.25)
      (net 2 GND))
    (pad 3 smd roundrect (at -4.65 -1.905 270) (size 2.05 0.6) (layers F.Cu F.Paste F.Mask) (roundrect_rratio 0.25)
      (net 3 "Net-(C5-Pad1)"))
    (pad 4 smd roundrect (at -4.65 -0.635 270) (size 2.05 0.6) (layers F.Cu F.Paste F.Mask) (roundrect_rratio 0.25)
      (net 3 "Net-(C5-Pad1)"))
    (pad 5 smd roundrect (at -4.65 0.635 270) (size 2.05 0.6) (layers F.Cu F.Paste F.Mask) (roundrect_rratio 0.25)
      (net 2 GND))
    (pad 6 smd roundrect (at -4.65 1.905 270) (size 2.05 0.6) (layers F.Cu F.Paste F.Mask) (roundrect_rratio 0.25)
      (net 16 D-))
    (pad 7 smd roundrect (at -4.65 3.175 270) (size 2.05 0.6) (layers F.Cu F.Paste F.Mask) (roundrect_rratio 0.25)
      (net 15 D+))
    (pad 8 smd roundrect (at -4.65 4.445 270) (size 2.05 0.6) (layers F.Cu F.Paste F.Mask) (roundrect_rratio 0.25)
      (net 2 GND))
    (pad 9 smd roundrect (at 4.65 4.445 270) (size 2.05 0.6) (layers F.Cu F.Paste F.Mask) (roundrect_rratio 0.25)
      (net 4 GNDD))
    (pad 10 smd roundrect (at 4.65 3.175 270) (size 2.05 0.6) (layers F.Cu F.Paste F.Mask) (roundrect_rratio 0.25)
      (net 20 /DDP))
    (pad 11 smd roundrect (at 4.65 1.905 270) (size 2.05 0.6) (layers F.Cu F.Paste F.Mask) (roundrect_rratio 0.25)
      (net 19 /DDN))
    (pad 12 smd roundrect (at 4.65 0.635 270) (size 2.05 0.6) (layers F.Cu F.Paste F.Mask) (roundrect_rratio 0.25)
      (net 6 "Net-(C8-Pad1)"))
    (pad 13 smd roundrect (at 4.65 -0.635 270) (size 2.05 0.6) (layers F.Cu F.Paste F.Mask) (roundrect_rratio 0.25)
      (net 4 GNDD))
    (pad 14 smd roundrect (at 4.65 -1.905 270) (size 2.05 0.6) (layers F.Cu F.Paste F.Mask) (roundrect_rratio 0.25)
      (net 6 "Net-(C8-Pad1)"))
    (pad 15 smd roundrect (at 4.65 -3.175 270) (size 2.05 0.6) (layers F.Cu F.Paste F.Mask) (roundrect_rratio 0.25)
      (net 4 GNDD))
    (pad 16 smd roundrect (at 4.65 -4.445 270) (size 2.05 0.6) (layers F.Cu F.Paste F.Mask) (roundrect_rratio 0.25)
      (net 5 VCCQ))
    (model ${KISYS3DMOD}/Package_SO.3dshapes/SOIC-16W_7.5x10.3mm_P1.27mm.wrl
      (at (xyz 0 0 0))
      (scale (xyz 1 1 1))
      (rotate (xyz 0 0 0))
    )
  )

  (module SamacSys_Parts:SOIC127P1032X265-16N (layer F.Cu) (tedit 0) (tstamp 61C7F583)
    (at 146.25 85 270)
    (descr "RW-16 (SOIC)")
    (tags "Integrated Circuit")
    (path /61C7A64A)
    (attr smd)
    (fp_text reference IC1 (at 0 0 90) (layer F.SilkS)
      (effects (font (size 1.27 1.27) (thickness 0.254)))
    )
    (fp_text value ADUM5000ARWZ (at 0 0 90) (layer F.SilkS) hide
      (effects (font (size 1.27 1.27) (thickness 0.254)))
    )
    (fp_line (start -5.925 -5.5) (end 5.925 -5.5) (layer F.CrtYd) (width 0.05))
    (fp_line (start 5.925 -5.5) (end 5.925 5.5) (layer F.CrtYd) (width 0.05))
    (fp_line (start 5.925 5.5) (end -5.925 5.5) (layer F.CrtYd) (width 0.05))
    (fp_line (start -5.925 5.5) (end -5.925 -5.5) (layer F.CrtYd) (width 0.05))
    (fp_line (start -3.75 -5.15) (end 3.75 -5.15) (layer F.Fab) (width 0.1))
    (fp_line (start 3.75 -5.15) (end 3.75 5.15) (layer F.Fab) (width 0.1))
    (fp_line (start 3.75 5.15) (end -3.75 5.15) (layer F.Fab) (width 0.1))
    (fp_line (start -3.75 5.15) (end -3.75 -5.15) (layer F.Fab) (width 0.1))
    (fp_line (start -3.75 -3.88) (end -2.48 -5.15) (layer F.Fab) (width 0.1))
    (fp_line (start -3.4 -5.15) (end 3.4 -5.15) (layer F.SilkS) (width 0.2))
    (fp_line (start 3.4 -5.15) (end 3.4 5.15) (layer F.SilkS) (width 0.2))
    (fp_line (start 3.4 5.15) (end -3.4 5.15) (layer F.SilkS) (width 0.2))
    (fp_line (start -3.4 5.15) (end -3.4 -5.15) (layer F.SilkS) (width 0.2))
    (fp_line (start -5.675 -5.12) (end -3.75 -5.12) (layer F.SilkS) (width 0.2))
    (fp_text user %R (at 0 0 90) (layer F.Fab)
      (effects (font (size 1.27 1.27) (thickness 0.254)))
    )
    (pad 1 smd rect (at -4.712 -4.445) (size 0.65 1.925) (layers F.Cu F.Paste F.Mask)
      (net 1 VCC))
    (pad 2 smd rect (at -4.712 -3.175) (size 0.65 1.925) (layers F.Cu F.Paste F.Mask)
      (net 2 GND))
    (pad 3 smd rect (at -4.712 -1.905) (size 0.65 1.925) (layers F.Cu F.Paste F.Mask)
      (net 7 "Net-(IC1-Pad3)"))
    (pad 4 smd rect (at -4.712 -0.635) (size 0.65 1.925) (layers F.Cu F.Paste F.Mask)
      (net 8 "Net-(IC1-Pad4)"))
    (pad 5 smd rect (at -4.712 0.635) (size 0.65 1.925) (layers F.Cu F.Paste F.Mask)
      (net 9 "Net-(IC1-Pad5)"))
    (pad 6 smd rect (at -4.712 1.905) (size 0.65 1.925) (layers F.Cu F.Paste F.Mask)
      (net 1 VCC))
    (pad 7 smd rect (at -4.712 3.175) (size 0.65 1.925) (layers F.Cu F.Paste F.Mask)
      (net 1 VCC))
    (pad 8 smd rect (at -4.712 4.445) (size 0.65 1.925) (layers F.Cu F.Paste F.Mask)
      (net 2 GND))
    (pad 9 smd rect (at 4.712 4.445) (size 0.65 1.925) (layers F.Cu F.Paste F.Mask)
      (net 4 GNDD))
    (pad 10 smd rect (at 4.712 3.175) (size 0.65 1.925) (layers F.Cu F.Paste F.Mask)
      (net 5 VCCQ))
    (pad 11 smd rect (at 4.712 1.905) (size 0.65 1.925) (layers F.Cu F.Paste F.Mask)
      (net 10 "Net-(IC1-Pad11)"))
    (pad 12 smd rect (at 4.712 0.635) (size 0.65 1.925) (layers F.Cu F.Paste F.Mask)
      (net 11 "Net-(IC1-Pad12)"))
    (pad 13 smd rect (at 4.712 -0.635) (size 0.65 1.925) (layers F.Cu F.Paste F.Mask)
      (net 5 VCCQ))
    (pad 14 smd rect (at 4.712 -1.905) (size 0.65 1.925) (layers F.Cu F.Paste F.Mask)
      (net 12 "Net-(IC1-Pad14)"))
    (pad 15 smd rect (at 4.712 -3.175) (size 0.65 1.925) (layers F.Cu F.Paste F.Mask)
      (net 4 GNDD))
    (pad 16 smd rect (at 4.712 -4.445) (size 0.65 1.925) (layers F.Cu F.Paste F.Mask)
      (net 5 VCCQ))
    (model "C:\\Users\\Josh\\Documents\\KiCad Footprint\\SamacSys_Parts.3dshapes\\ADUM5000ARWZ.stp"
      (at (xyz 0 0 0))
      (scale (xyz 1 1 1))
      (rotate (xyz 0 0 0))
    )
  )

  (module Capacitor_SMD:C_0402_1005Metric (layer F.Cu) (tedit 5F68FEEE) (tstamp 61C7F4C7)
    (at 161.25 74.75)
    (descr "Capacitor SMD 0402 (1005 Metric), square (rectangular) end terminal, IPC_7351 nominal, (Body size source: IPC-SM-782 page 76, https://www.pcb-3d.com/wordpress/wp-content/uploads/ipc-sm-782a_amendment_1_and_2.pdf), generated with kicad-footprint-generator")
    (tags capacitor)
    (path /61C7BAB7)
    (attr smd)
    (fp_text reference C1 (at 0 -1.16) (layer F.SilkS)
      (effects (font (size 1 1) (thickness 0.15)))
    )
    (fp_text value 10uF (at 0 1.16) (layer F.Fab)
      (effects (font (size 1 1) (thickness 0.15)))
    )
    (fp_line (start 0.91 0.46) (end -0.91 0.46) (layer F.CrtYd) (width 0.05))
    (fp_line (start 0.91 -0.46) (end 0.91 0.46) (layer F.CrtYd) (width 0.05))
    (fp_line (start -0.91 -0.46) (end 0.91 -0.46) (layer F.CrtYd) (width 0.05))
    (fp_line (start -0.91 0.46) (end -0.91 -0.46) (layer F.CrtYd) (width 0.05))
    (fp_line (start -0.107836 0.36) (end 0.107836 0.36) (layer F.SilkS) (width 0.12))
    (fp_line (start -0.107836 -0.36) (end 0.107836 -0.36) (layer F.SilkS) (width 0.12))
    (fp_line (start 0.5 0.25) (end -0.5 0.25) (layer F.Fab) (width 0.1))
    (fp_line (start 0.5 -0.25) (end 0.5 0.25) (layer F.Fab) (width 0.1))
    (fp_line (start -0.5 -0.25) (end 0.5 -0.25) (layer F.Fab) (width 0.1))
    (fp_line (start -0.5 0.25) (end -0.5 -0.25) (layer F.Fab) (width 0.1))
    (fp_text user %R (at 0 0) (layer F.Fab)
      (effects (font (size 0.25 0.25) (thickness 0.04)))
    )
    (pad 2 smd roundrect (at 0.48 0) (size 0.56 0.62) (layers F.Cu F.Paste F.Mask) (roundrect_rratio 0.25)
      (net 1 VCC))
    (pad 1 smd roundrect (at -0.48 0) (size 0.56 0.62) (layers F.Cu F.Paste F.Mask) (roundrect_rratio 0.25)
      (net 2 GND))
    (model ${KISYS3DMOD}/Capacitor_SMD.3dshapes/C_0402_1005Metric.wrl
      (at (xyz 0 0 0))
      (scale (xyz 1 1 1))
      (rotate (xyz 0 0 0))
    )
  )

  (module Capacitor_SMD:C_0402_1005Metric (layer F.Cu) (tedit 5F68FEEE) (tstamp 61C7F4D8)
    (at 161.25 75.75 180)
    (descr "Capacitor SMD 0402 (1005 Metric), square (rectangular) end terminal, IPC_7351 nominal, (Body size source: IPC-SM-782 page 76, https://www.pcb-3d.com/wordpress/wp-content/uploads/ipc-sm-782a_amendment_1_and_2.pdf), generated with kicad-footprint-generator")
    (tags capacitor)
    (path /61C71B69)
    (attr smd)
    (fp_text reference C2 (at 0 -1.16) (layer F.SilkS)
      (effects (font (size 1 1) (thickness 0.15)))
    )
    (fp_text value 0.1uF (at 0 1.16) (layer F.Fab)
      (effects (font (size 1 1) (thickness 0.15)))
    )
    (fp_line (start 0.91 0.46) (end -0.91 0.46) (layer F.CrtYd) (width 0.05))
    (fp_line (start 0.91 -0.46) (end 0.91 0.46) (layer F.CrtYd) (width 0.05))
    (fp_line (start -0.91 -0.46) (end 0.91 -0.46) (layer F.CrtYd) (width 0.05))
    (fp_line (start -0.91 0.46) (end -0.91 -0.46) (layer F.CrtYd) (width 0.05))
    (fp_line (start -0.107836 0.36) (end 0.107836 0.36) (layer F.SilkS) (width 0.12))
    (fp_line (start -0.107836 -0.36) (end 0.107836 -0.36) (layer F.SilkS) (width 0.12))
    (fp_line (start 0.5 0.25) (end -0.5 0.25) (layer F.Fab) (width 0.1))
    (fp_line (start 0.5 -0.25) (end 0.5 0.25) (layer F.Fab) (width 0.1))
    (fp_line (start -0.5 -0.25) (end 0.5 -0.25) (layer F.Fab) (width 0.1))
    (fp_line (start -0.5 0.25) (end -0.5 -0.25) (layer F.Fab) (width 0.1))
    (fp_text user %R (at 0 0) (layer F.Fab)
      (effects (font (size 0.25 0.25) (thickness 0.04)))
    )
    (pad 2 smd roundrect (at 0.48 0 180) (size 0.56 0.62) (layers F.Cu F.Paste F.Mask) (roundrect_rratio 0.25)
      (net 2 GND))
    (pad 1 smd roundrect (at -0.48 0 180) (size 0.56 0.62) (layers F.Cu F.Paste F.Mask) (roundrect_rratio 0.25)
      (net 1 VCC))
    (model ${KISYS3DMOD}/Capacitor_SMD.3dshapes/C_0402_1005Metric.wrl
      (at (xyz 0 0 0))
      (scale (xyz 1 1 1))
      (rotate (xyz 0 0 0))
    )
  )

  (module Capacitor_SMD:C_0402_1005Metric (layer F.Cu) (tedit 5F68FEEE) (tstamp 61C7F4E9)
    (at 161.25 76.75 180)
    (descr "Capacitor SMD 0402 (1005 Metric), square (rectangular) end terminal, IPC_7351 nominal, (Body size source: IPC-SM-782 page 76, https://www.pcb-3d.com/wordpress/wp-content/uploads/ipc-sm-782a_amendment_1_and_2.pdf), generated with kicad-footprint-generator")
    (tags capacitor)
    (path /61C7C061)
    (attr smd)
    (fp_text reference C3 (at 0 -1.16) (layer F.SilkS)
      (effects (font (size 1 1) (thickness 0.15)))
    )
    (fp_text value 0.1uF (at 0 -1.27) (layer F.Fab)
      (effects (font (size 1 1) (thickness 0.15)))
    )
    (fp_line (start -0.5 0.25) (end -0.5 -0.25) (layer F.Fab) (width 0.1))
    (fp_line (start -0.5 -0.25) (end 0.5 -0.25) (layer F.Fab) (width 0.1))
    (fp_line (start 0.5 -0.25) (end 0.5 0.25) (layer F.Fab) (width 0.1))
    (fp_line (start 0.5 0.25) (end -0.5 0.25) (layer F.Fab) (width 0.1))
    (fp_line (start -0.107836 -0.36) (end 0.107836 -0.36) (layer F.SilkS) (width 0.12))
    (fp_line (start -0.107836 0.36) (end 0.107836 0.36) (layer F.SilkS) (width 0.12))
    (fp_line (start -0.91 0.46) (end -0.91 -0.46) (layer F.CrtYd) (width 0.05))
    (fp_line (start -0.91 -0.46) (end 0.91 -0.46) (layer F.CrtYd) (width 0.05))
    (fp_line (start 0.91 -0.46) (end 0.91 0.46) (layer F.CrtYd) (width 0.05))
    (fp_line (start 0.91 0.46) (end -0.91 0.46) (layer F.CrtYd) (width 0.05))
    (fp_text user %R (at 0 0) (layer F.Fab)
      (effects (font (size 0.25 0.25) (thickness 0.04)))
    )
    (pad 1 smd roundrect (at -0.48 0 180) (size 0.56 0.62) (layers F.Cu F.Paste F.Mask) (roundrect_rratio 0.25)
      (net 1 VCC))
    (pad 2 smd roundrect (at 0.48 0 180) (size 0.56 0.62) (layers F.Cu F.Paste F.Mask) (roundrect_rratio 0.25)
      (net 2 GND))
    (model ${KISYS3DMOD}/Capacitor_SMD.3dshapes/C_0402_1005Metric.wrl
      (at (xyz 0 0 0))
      (scale (xyz 1 1 1))
      (rotate (xyz 0 0 0))
    )
  )

  (module Capacitor_SMD:C_0402_1005Metric (layer F.Cu) (tedit 5F68FEEE) (tstamp 61C7F4FA)
    (at 161.25 73.75 180)
    (descr "Capacitor SMD 0402 (1005 Metric), square (rectangular) end terminal, IPC_7351 nominal, (Body size source: IPC-SM-782 page 76, https://www.pcb-3d.com/wordpress/wp-content/uploads/ipc-sm-782a_amendment_1_and_2.pdf), generated with kicad-footprint-generator")
    (tags capacitor)
    (path /61C83C49)
    (attr smd)
    (fp_text reference C4 (at 0 -1.16) (layer F.SilkS)
      (effects (font (size 1 1) (thickness 0.15)))
    )
    (fp_text value 0.1uF (at 0 1.16) (layer F.Fab)
      (effects (font (size 1 1) (thickness 0.15)))
    )
    (fp_line (start 0.91 0.46) (end -0.91 0.46) (layer F.CrtYd) (width 0.05))
    (fp_line (start 0.91 -0.46) (end 0.91 0.46) (layer F.CrtYd) (width 0.05))
    (fp_line (start -0.91 -0.46) (end 0.91 -0.46) (layer F.CrtYd) (width 0.05))
    (fp_line (start -0.91 0.46) (end -0.91 -0.46) (layer F.CrtYd) (width 0.05))
    (fp_line (start -0.107836 0.36) (end 0.107836 0.36) (layer F.SilkS) (width 0.12))
    (fp_line (start -0.107836 -0.36) (end 0.107836 -0.36) (layer F.SilkS) (width 0.12))
    (fp_line (start 0.5 0.25) (end -0.5 0.25) (layer F.Fab) (width 0.1))
    (fp_line (start 0.5 -0.25) (end 0.5 0.25) (layer F.Fab) (width 0.1))
    (fp_line (start -0.5 -0.25) (end 0.5 -0.25) (layer F.Fab) (width 0.1))
    (fp_line (start -0.5 0.25) (end -0.5 -0.25) (layer F.Fab) (width 0.1))
    (fp_text user %R (at 0 0) (layer F.Fab)
      (effects (font (size 0.25 0.25) (thickness 0.04)))
    )
    (pad 2 smd roundrect (at 0.48 0 180) (size 0.56 0.62) (layers F.Cu F.Paste F.Mask) (roundrect_rratio 0.25)
      (net 2 GND))
    (pad 1 smd roundrect (at -0.48 0 180) (size 0.56 0.62) (layers F.Cu F.Paste F.Mask) (roundrect_rratio 0.25)
      (net 1 VCC))
    (model ${KISYS3DMOD}/Capacitor_SMD.3dshapes/C_0402_1005Metric.wrl
      (at (xyz 0 0 0))
      (scale (xyz 1 1 1))
      (rotate (xyz 0 0 0))
    )
  )

  (module Capacitor_SMD:C_0402_1005Metric (layer F.Cu) (tedit 5F68FEEE) (tstamp 61C7F50B)
    (at 157.5 78 180)
    (descr "Capacitor SMD 0402 (1005 Metric), square (rectangular) end terminal, IPC_7351 nominal, (Body size source: IPC-SM-782 page 76, https://www.pcb-3d.com/wordpress/wp-content/uploads/ipc-sm-782a_amendment_1_and_2.pdf), generated with kicad-footprint-generator")
    (tags capacitor)
    (path /61C754A0)
    (attr smd)
    (fp_text reference C5 (at 0 -1.16) (layer F.SilkS)
      (effects (font (size 1 1) (thickness 0.15)))
    )
    (fp_text value 0.1uF (at 0 1.16) (layer F.Fab)
      (effects (font (size 1 1) (thickness 0.15)))
    )
    (fp_line (start -0.5 0.25) (end -0.5 -0.25) (layer F.Fab) (width 0.1))
    (fp_line (start -0.5 -0.25) (end 0.5 -0.25) (layer F.Fab) (width 0.1))
    (fp_line (start 0.5 -0.25) (end 0.5 0.25) (layer F.Fab) (width 0.1))
    (fp_line (start 0.5 0.25) (end -0.5 0.25) (layer F.Fab) (width 0.1))
    (fp_line (start -0.107836 -0.36) (end 0.107836 -0.36) (layer F.SilkS) (width 0.12))
    (fp_line (start -0.107836 0.36) (end 0.107836 0.36) (layer F.SilkS) (width 0.12))
    (fp_line (start -0.91 0.46) (end -0.91 -0.46) (layer F.CrtYd) (width 0.05))
    (fp_line (start -0.91 -0.46) (end 0.91 -0.46) (layer F.CrtYd) (width 0.05))
    (fp_line (start 0.91 -0.46) (end 0.91 0.46) (layer F.CrtYd) (width 0.05))
    (fp_line (start 0.91 0.46) (end -0.91 0.46) (layer F.CrtYd) (width 0.05))
    (fp_text user %R (at 0 0) (layer F.Fab)
      (effects (font (size 0.25 0.25) (thickness 0.04)))
    )
    (pad 1 smd roundrect (at -0.48 0 180) (size 0.56 0.62) (layers F.Cu F.Paste F.Mask) (roundrect_rratio 0.25)
      (net 3 "Net-(C5-Pad1)"))
    (pad 2 smd roundrect (at 0.48 0 180) (size 0.56 0.62) (layers F.Cu F.Paste F.Mask) (roundrect_rratio 0.25)
      (net 2 GND))
    (model ${KISYS3DMOD}/Capacitor_SMD.3dshapes/C_0402_1005Metric.wrl
      (at (xyz 0 0 0))
      (scale (xyz 1 1 1))
      (rotate (xyz 0 0 0))
    )
  )

  (module Capacitor_SMD:C_0402_1005Metric (layer F.Cu) (tedit 5F68FEEE) (tstamp 61C7F51C)
    (at 147.32 91.44)
    (descr "Capacitor SMD 0402 (1005 Metric), square (rectangular) end terminal, IPC_7351 nominal, (Body size source: IPC-SM-782 page 76, https://www.pcb-3d.com/wordpress/wp-content/uploads/ipc-sm-782a_amendment_1_and_2.pdf), generated with kicad-footprint-generator")
    (tags capacitor)
    (path /61C8E3F5)
    (attr smd)
    (fp_text reference C6 (at 0 -1.16) (layer F.SilkS)
      (effects (font (size 1 1) (thickness 0.15)))
    )
    (fp_text value 0.1uF (at 0 1.16) (layer F.Fab)
      (effects (font (size 1 1) (thickness 0.15)))
    )
    (fp_line (start 0.91 0.46) (end -0.91 0.46) (layer F.CrtYd) (width 0.05))
    (fp_line (start 0.91 -0.46) (end 0.91 0.46) (layer F.CrtYd) (width 0.05))
    (fp_line (start -0.91 -0.46) (end 0.91 -0.46) (layer F.CrtYd) (width 0.05))
    (fp_line (start -0.91 0.46) (end -0.91 -0.46) (layer F.CrtYd) (width 0.05))
    (fp_line (start -0.107836 0.36) (end 0.107836 0.36) (layer F.SilkS) (width 0.12))
    (fp_line (start -0.107836 -0.36) (end 0.107836 -0.36) (layer F.SilkS) (width 0.12))
    (fp_line (start 0.5 0.25) (end -0.5 0.25) (layer F.Fab) (width 0.1))
    (fp_line (start 0.5 -0.25) (end 0.5 0.25) (layer F.Fab) (width 0.1))
    (fp_line (start -0.5 -0.25) (end 0.5 -0.25) (layer F.Fab) (width 0.1))
    (fp_line (start -0.5 0.25) (end -0.5 -0.25) (layer F.Fab) (width 0.1))
    (fp_text user %R (at 0 0) (layer F.Fab)
      (effects (font (size 0.25 0.25) (thickness 0.04)))
    )
    (pad 2 smd roundrect (at 0.48 0) (size 0.56 0.62) (layers F.Cu F.Paste F.Mask) (roundrect_rratio 0.25)
      (net 4 GNDD))
    (pad 1 smd roundrect (at -0.48 0) (size 0.56 0.62) (layers F.Cu F.Paste F.Mask) (roundrect_rratio 0.25)
      (net 5 VCCQ))
    (model ${KISYS3DMOD}/Capacitor_SMD.3dshapes/C_0402_1005Metric.wrl
      (at (xyz 0 0 0))
      (scale (xyz 1 1 1))
      (rotate (xyz 0 0 0))
    )
  )

  (module Capacitor_SMD:C_0402_1005Metric (layer F.Cu) (tedit 5F68FEEE) (tstamp 61C7F52D)
    (at 147.32 92.5)
    (descr "Capacitor SMD 0402 (1005 Metric), square (rectangular) end terminal, IPC_7351 nominal, (Body size source: IPC-SM-782 page 76, https://www.pcb-3d.com/wordpress/wp-content/uploads/ipc-sm-782a_amendment_1_and_2.pdf), generated with kicad-footprint-generator")
    (tags capacitor)
    (path /61C88577)
    (attr smd)
    (fp_text reference C7 (at 0 -1.16) (layer F.SilkS)
      (effects (font (size 1 1) (thickness 0.15)))
    )
    (fp_text value 0.1uF (at 0 1.16) (layer F.Fab)
      (effects (font (size 1 1) (thickness 0.15)))
    )
    (fp_line (start -0.5 0.25) (end -0.5 -0.25) (layer F.Fab) (width 0.1))
    (fp_line (start -0.5 -0.25) (end 0.5 -0.25) (layer F.Fab) (width 0.1))
    (fp_line (start 0.5 -0.25) (end 0.5 0.25) (layer F.Fab) (width 0.1))
    (fp_line (start 0.5 0.25) (end -0.5 0.25) (layer F.Fab) (width 0.1))
    (fp_line (start -0.107836 -0.36) (end 0.107836 -0.36) (layer F.SilkS) (width 0.12))
    (fp_line (start -0.107836 0.36) (end 0.107836 0.36) (layer F.SilkS) (width 0.12))
    (fp_line (start -0.91 0.46) (end -0.91 -0.46) (layer F.CrtYd) (width 0.05))
    (fp_line (start -0.91 -0.46) (end 0.91 -0.46) (layer F.CrtYd) (width 0.05))
    (fp_line (start 0.91 -0.46) (end 0.91 0.46) (layer F.CrtYd) (width 0.05))
    (fp_line (start 0.91 0.46) (end -0.91 0.46) (layer F.CrtYd) (width 0.05))
    (fp_text user %R (at 0 0) (layer F.Fab)
      (effects (font (size 0.25 0.25) (thickness 0.04)))
    )
    (pad 1 smd roundrect (at -0.48 0) (size 0.56 0.62) (layers F.Cu F.Paste F.Mask) (roundrect_rratio 0.25)
      (net 5 VCCQ))
    (pad 2 smd roundrect (at 0.48 0) (size 0.56 0.62) (layers F.Cu F.Paste F.Mask) (roundrect_rratio 0.25)
      (net 4 GNDD))
    (model ${KISYS3DMOD}/Capacitor_SMD.3dshapes/C_0402_1005Metric.wrl
      (at (xyz 0 0 0))
      (scale (xyz 1 1 1))
      (rotate (xyz 0 0 0))
    )
  )

  (module Capacitor_SMD:C_0402_1005Metric (layer F.Cu) (tedit 5F68FEEE) (tstamp 61C7F53E)
    (at 157.48 92.71)
    (descr "Capacitor SMD 0402 (1005 Metric), square (rectangular) end terminal, IPC_7351 nominal, (Body size source: IPC-SM-782 page 76, https://www.pcb-3d.com/wordpress/wp-content/uploads/ipc-sm-782a_amendment_1_and_2.pdf), generated with kicad-footprint-generator")
    (tags capacitor)
    (path /61CA1CFC)
    (attr smd)
    (fp_text reference C8 (at 0 -1.16) (layer F.SilkS)
      (effects (font (size 1 1) (thickness 0.15)))
    )
    (fp_text value 0.1uF (at 0 1.16) (layer F.Fab)
      (effects (font (size 1 1) (thickness 0.15)))
    )
    (fp_line (start 0.91 0.46) (end -0.91 0.46) (layer F.CrtYd) (width 0.05))
    (fp_line (start 0.91 -0.46) (end 0.91 0.46) (layer F.CrtYd) (width 0.05))
    (fp_line (start -0.91 -0.46) (end 0.91 -0.46) (layer F.CrtYd) (width 0.05))
    (fp_line (start -0.91 0.46) (end -0.91 -0.46) (layer F.CrtYd) (width 0.05))
    (fp_line (start -0.107836 0.36) (end 0.107836 0.36) (layer F.SilkS) (width 0.12))
    (fp_line (start -0.107836 -0.36) (end 0.107836 -0.36) (layer F.SilkS) (width 0.12))
    (fp_line (start 0.5 0.25) (end -0.5 0.25) (layer F.Fab) (width 0.1))
    (fp_line (start 0.5 -0.25) (end 0.5 0.25) (layer F.Fab) (width 0.1))
    (fp_line (start -0.5 -0.25) (end 0.5 -0.25) (layer F.Fab) (width 0.1))
    (fp_line (start -0.5 0.25) (end -0.5 -0.25) (layer F.Fab) (width 0.1))
    (fp_text user %R (at 0 0) (layer F.Fab)
      (effects (font (size 0.25 0.25) (thickness 0.04)))
    )
    (pad 2 smd roundrect (at 0.48 0) (size 0.56 0.62) (layers F.Cu F.Paste F.Mask) (roundrect_rratio 0.25)
      (net 4 GNDD))
    (pad 1 smd roundrect (at -0.48 0) (size 0.56 0.62) (layers F.Cu F.Paste F.Mask) (roundrect_rratio 0.25)
      (net 6 "Net-(C8-Pad1)"))
    (model ${KISYS3DMOD}/Capacitor_SMD.3dshapes/C_0402_1005Metric.wrl
      (at (xyz 0 0 0))
      (scale (xyz 1 1 1))
      (rotate (xyz 0 0 0))
    )
  )

  (module Capacitor_SMD:C_0402_1005Metric (layer F.Cu) (tedit 5F68FEEE) (tstamp 61C7F54F)
    (at 160.02 93.98 180)
    (descr "Capacitor SMD 0402 (1005 Metric), square (rectangular) end terminal, IPC_7351 nominal, (Body size source: IPC-SM-782 page 76, https://www.pcb-3d.com/wordpress/wp-content/uploads/ipc-sm-782a_amendment_1_and_2.pdf), generated with kicad-footprint-generator")
    (tags capacitor)
    (path /61C8EA4A)
    (attr smd)
    (fp_text reference C9 (at 0 -1.16) (layer F.SilkS)
      (effects (font (size 1 1) (thickness 0.15)))
    )
    (fp_text value 10uF (at 0 1.16) (layer F.Fab)
      (effects (font (size 1 1) (thickness 0.15)))
    )
    (fp_line (start -0.5 0.25) (end -0.5 -0.25) (layer F.Fab) (width 0.1))
    (fp_line (start -0.5 -0.25) (end 0.5 -0.25) (layer F.Fab) (width 0.1))
    (fp_line (start 0.5 -0.25) (end 0.5 0.25) (layer F.Fab) (width 0.1))
    (fp_line (start 0.5 0.25) (end -0.5 0.25) (layer F.Fab) (width 0.1))
    (fp_line (start -0.107836 -0.36) (end 0.107836 -0.36) (layer F.SilkS) (width 0.12))
    (fp_line (start -0.107836 0.36) (end 0.107836 0.36) (layer F.SilkS) (width 0.12))
    (fp_line (start -0.91 0.46) (end -0.91 -0.46) (layer F.CrtYd) (width 0.05))
    (fp_line (start -0.91 -0.46) (end 0.91 -0.46) (layer F.CrtYd) (width 0.05))
    (fp_line (start 0.91 -0.46) (end 0.91 0.46) (layer F.CrtYd) (width 0.05))
    (fp_line (start 0.91 0.46) (end -0.91 0.46) (layer F.CrtYd) (width 0.05))
    (fp_text user %R (at 0 0) (layer F.Fab)
      (effects (font (size 0.25 0.25) (thickness 0.04)))
    )
    (pad 1 smd roundrect (at -0.48 0 180) (size 0.56 0.62) (layers F.Cu F.Paste F.Mask) (roundrect_rratio 0.25)
      (net 5 VCCQ))
    (pad 2 smd roundrect (at 0.48 0 180) (size 0.56 0.62) (layers F.Cu F.Paste F.Mask) (roundrect_rratio 0.25)
      (net 4 GNDD))
    (model ${KISYS3DMOD}/Capacitor_SMD.3dshapes/C_0402_1005Metric.wrl
      (at (xyz 0 0 0))
      (scale (xyz 1 1 1))
      (rotate (xyz 0 0 0))
    )
  )

  (module Capacitor_SMD:C_0402_1005Metric (layer F.Cu) (tedit 5F68FEEE) (tstamp 61C7F560)
    (at 160.02 92.71)
    (descr "Capacitor SMD 0402 (1005 Metric), square (rectangular) end terminal, IPC_7351 nominal, (Body size source: IPC-SM-782 page 76, https://www.pcb-3d.com/wordpress/wp-content/uploads/ipc-sm-782a_amendment_1_and_2.pdf), generated with kicad-footprint-generator")
    (tags capacitor)
    (path /61C9BD9B)
    (attr smd)
    (fp_text reference C10 (at 0 -1.16) (layer F.SilkS)
      (effects (font (size 1 1) (thickness 0.15)))
    )
    (fp_text value 0.1uF (at 0 1.16) (layer F.Fab)
      (effects (font (size 1 1) (thickness 0.15)))
    )
    (fp_line (start -0.5 0.25) (end -0.5 -0.25) (layer F.Fab) (width 0.1))
    (fp_line (start -0.5 -0.25) (end 0.5 -0.25) (layer F.Fab) (width 0.1))
    (fp_line (start 0.5 -0.25) (end 0.5 0.25) (layer F.Fab) (width 0.1))
    (fp_line (start 0.5 0.25) (end -0.5 0.25) (layer F.Fab) (width 0.1))
    (fp_line (start -0.107836 -0.36) (end 0.107836 -0.36) (layer F.SilkS) (width 0.12))
    (fp_line (start -0.107836 0.36) (end 0.107836 0.36) (layer F.SilkS) (width 0.12))
    (fp_line (start -0.91 0.46) (end -0.91 -0.46) (layer F.CrtYd) (width 0.05))
    (fp_line (start -0.91 -0.46) (end 0.91 -0.46) (layer F.CrtYd) (width 0.05))
    (fp_line (start 0.91 -0.46) (end 0.91 0.46) (layer F.CrtYd) (width 0.05))
    (fp_line (start 0.91 0.46) (end -0.91 0.46) (layer F.CrtYd) (width 0.05))
    (fp_text user %R (at 0 0) (layer F.Fab)
      (effects (font (size 0.25 0.25) (thickness 0.04)))
    )
    (pad 1 smd roundrect (at -0.48 0) (size 0.56 0.62) (layers F.Cu F.Paste F.Mask) (roundrect_rratio 0.25)
      (net 4 GNDD))
    (pad 2 smd roundrect (at 0.48 0) (size 0.56 0.62) (layers F.Cu F.Paste F.Mask) (roundrect_rratio 0.25)
      (net 5 VCCQ))
    (model ${KISYS3DMOD}/Capacitor_SMD.3dshapes/C_0402_1005Metric.wrl
      (at (xyz 0 0 0))
      (scale (xyz 1 1 1))
      (rotate (xyz 0 0 0))
    )
  )

